TF	T095100_1.02
TF Name	Lhx1
Gene	ENSMUSG00000018698
Motif	M0931_1.02
Family	Homeodomain
Species	Mus_musculus
Pos	A	C	G	T
1	0.166699405763842	0.0795346062089556	0.0571793160359669	0.696586671991235
2	0.6584596739074	0.0729594115502783	0.164006043904652	0.10457487063767
3	0.860813734100549	0.0145541786527099	0.0441625941606885	0.0804694930860531
4	0.0574969226153707	0.0580747762943826	0.0374022710826174	0.847026030007629
5	0.146492860047455	0.115235365165322	0.184375915103163	0.553895859684061
6	0.427709577734801	0.0714104636884069	0.368133045159062	0.132746913417731
7	0.333757514973395	0.210695660784104	0.276003825538343	0.179542998704157
8	0.279203219679517	0.233210132335507	0.202743149129111	0.284843498855865
9	0.269584088744403	0.207863239142908	0.189972696527082	0.332579975585607


TF	T095193_1.02
TF Name	Hoxa7
Gene	ENSMUSG00000038236
Motif	M1009_1.02
Family	Homeodomain
Species	Mus_musculus
Pos	A	C	G	T
1	0.21981689221674	0.202916566419923	0.222026088711066	0.355240452652272
2	0.214850066096421	0.129016514809535	0.132945652639693	0.52318776645435
3	0.513372989174965	0.0616209959465265	0.131762710298878	0.293243304579631
4	0.787782504488491	0.0157875561280021	0.0774182114227994	0.119011727960708
5	0.0615825668736707	0.194489626023152	0.104624612499977	0.6393031946032
6	0.168087742484058	0.14039868420457	0.363030233844751	0.328483339466622
7	0.320843957289179	0.119218136003863	0.380297899080771	0.179640007626186
8	0.183628093223937	0.344782050450721	0.238152798848734	0.233437057476608
9	0.224687459886634	0.29729067662032	0.224687459886634	0.253334403606413


TF	T095193_1.02
TF Name	Hoxa7
Gene	ENSMUSG00000038236
Motif	M1010_1.02
Family	Homeodomain
Species	Mus_musculus
Pos	A	C	G	T
1	0.19032981084905	0.2468444580687	0.175696559601808	0.387129171480441
2	0.129841660563778	0.195647723372541	0.0566173634315743	0.617893252632106
3	0.444933004243443	0.170361682087967	0.0742860899014068	0.310419223767183
4	0.549744221654696	0.186690677957144	0.0653301156359427	0.198234984752217
5	0.103995623647377	0.213652062956817	0.0532154526786451	0.62913686071716
6	0.1369237974149	0.190456638221744	0.307792097732923	0.364827466630433
7	0.328462857049612	0.171472647364429	0.3124435344838	0.187620961102159
8	0.18240478247992	0.360044738348107	0.216205273571278	0.241345205600695
9	0.241926265546845	0.298459125921828	0.210320591317401	0.249294017213926


TF	T095300_1.02
TF Name	Hoxa3
Gene	ENSMUSG00000079560
Motif	M1072_1.02
Family	Homeodomain
Species	Mus_musculus
Pos	A	C	G	T
1	0.183788518882257	0.303016040366063	0.164644028893375	0.348551411858306
2	0.10709804025474	0.0542576870483358	0.0231905456207886	0.815453727076136
3	0.868219331648318	0.0225660004709857	0.0741762760590694	0.0350383918216263
4	0.965411276432904	0.0176821243302012	0.000907151512294873	0.0159994477246002
5	0.0182850218871125	0.0971331044120787	0.0507079269475786	0.83387394675323
6	0.113053128876722	0.0963375215980981	0.418994534233326	0.371614815291854
7	0.447592093544784	0.0636807495795184	0.359201068902415	0.129526087973283
8	0.204977241660491	0.31196748156189	0.273937220161304	0.209118056616315
9	0.227740321947209	0.286633971452967	0.210230813923664	0.275394892676159
10	0.212728923235575	0.249639703984584	0.210612235083376	0.327019137696465


TF	T095300_1.02
TF Name	Hoxa3
Gene	ENSMUSG00000079560
Motif	M1073_1.02
Family	Homeodomain
Species	Mus_musculus
Pos	A	C	G	T
1	0.180770731957374	0.316470349266245	0.149490007946575	0.353268910829806
2	0.0877243670111983	0.0516349983893008	0.0115213254627871	0.849119309136714
3	0.90343423107102	0.0125059347871136	0.0657725984273742	0.0182872357144921
4	0.983264055168379	0.000463419636569419	0.000458808534142428	0.0158137166609092
5	0.0100333398667209	0.0923802798081126	0.0554739495989894	0.842112430726177
6	0.0945295390074928	0.0821800332265594	0.432210339824289	0.391080087941659
7	0.500755807384128	0.0522541112642405	0.345889227447856	0.101100853903775
8	0.173375563866917	0.345661554725974	0.269201489509633	0.211761391897476
9	0.208474291117336	0.298812333619928	0.208474291117336	0.284239084145399


TF	T095191_1.02
TF Name	Hoxa11
Gene	ENSMUSG00000038210
Motif	M1007_1.02
Family	Homeodomain
Species	Mus_musculus
Pos	A	C	G	T
1	0.202832890877214	0.130631769128215	0.147286908405321	0.51924843158925
2	0.159347954471581	0.134436262788134	0.133098599623477	0.573117183116808
3	0.294125322417306	0.13084402217566	0.113750328233803	0.461280327173232
4	0.520505109516796	0.125813380866907	0.171537123158837	0.18214438645746
5	0.127007061981355	0.331703895822761	0.119610746489989	0.421678295705895
6	0.179782415809708	0.144278768235757	0.388287994639244	0.28765082131529
7	0.381823465082944	0.156798002495711	0.271770610996029	0.189607921425316
8	0.151875132766673	0.334641124730588	0.258025569909938	0.2554581725928
9	0.245352687162528	0.285059153483605	0.224235472191339	0.245352687162528


TF	T095191_1.02
TF Name	Hoxa11
Gene	ENSMUSG00000038210
Motif	M6026_1.02
Family	Homeodomain
Species	Mus_musculus
Pos	A	C	G	T
1	0.252840909090909	0.153409090909091	0.436079545454545	0.157670454545455
2	0.235294117647059	0.202702702702703	0.559618441971383	0.00238473767885533
3	0.00133511348464619	0.0373831775700935	0.0213618157543391	0.939919893190921
4	0.038961038961039	0.914285714285714	0.0	0.0467532467532468
5	0.259605399792316	0.00207684319833853	0.731048805815161	0.00726895119418484
6	0.0193905817174515	0.00138504155124654	0.00415512465373961	0.975069252077562
7	0.679166666666667	0.00416666666666667	0.0180555555555556	0.298611111111111
8	0.955223880597015	0.0	0.00271370420624152	0.0420624151967436
9	0.909560723514212	0.0348837209302326	0.00387596899224806	0.0516795865633075
10	0.598130841121495	0.135089209855565	0.0994052676295667	0.167374681393373
11	0.254261363636364	0.232954545454545	0.213068181818182	0.299715909090909
12	0.197443181818182	0.15625	0.159090909090909	0.487215909090909


TF	T095191_1.02
TF Name	Hoxa11
Gene	ENSMUSG00000038210
Motif	M6027_1.02
Family	Homeodomain
Species	Mus_musculus
Pos	A	C	G	T
1	0.287128712871287	0.178217821782178	0.252475247524752	0.282178217821782
2	0.130985915492958	0.107042253521127	0.192957746478873	0.569014084507042
3	0.00227272727272727	0.00909090909090909	0.0704545454545455	0.918181818181818
4	0.053864168618267	0.0	0.0	0.946135831381733
5	0.3729216152019	0.00950118764845606	0.0332541567695962	0.584323040380047
6	0.930875576036866	0.0	0.0	0.0691244239631336
7	0.00178890876565295	0.10912343470483	0.166368515205725	0.722719141323792
8	0.0323974082073434	0.0809935205183585	0.450323974082073	0.436285097192225
9	0.466830466830467	0.00982800982800983	0.523341523341523	0.0
10	0.142538975501114	0.44988864142539	0.233853006681514	0.173719376391982
11	0.165841584158416	0.396039603960396	0.185643564356436	0.252475247524752


TF	T095112_1.02
TF Name	Pitx1
Gene	ENSMUSG00000021506
Motif	M0941_1.02
Family	Homeodomain
Species	Mus_musculus
Pos	A	C	G	T
1	0.214819485672639	0.275833679591811	0.165636905096667	0.343709929638882
2	0.156468035258324	0.0315903515046562	0.0291615698624418	0.782780043374578
3	0.812988885947844	0.0181871889008085	0.0928251336065369	0.075998791544811
4	0.970113511139987	0.00529844344247981	0.0184933847510655	0.00609466066646732
5	0.0335052059084913	0.0205261734838239	0.194746911671791	0.751221708935894
6	0.0845985494149854	0.778926834945441	0.0492996568294531	0.0871749588101207
7	0.0547354249543275	0.673515575609832	0.068890006388335	0.202858993047505
8	0.203347921616226	0.355995614332228	0.215922254833962	0.224734209217584
9	0.226519613507795	0.293780101965262	0.211205487724648	0.268494796802295


TF	T095144_1.02
TF Name	Nkx2-2
Gene	ENSMUSG00000027434
Motif	M0966_1.02
Family	Homeodomain
Species	Mus_musculus
Pos	A	C	G	T
1	0.252867758367907	0.305780235057072	0.311957405557867	0.129394601017153
2	0.124118735580671	0.503326292292544	0.0385223523235238	0.334032619803261
3	0.53365275023551	0.174120109779795	0.0451389426532961	0.247088197331399
4	0.161274437779705	0.673917362665185	0.062998284538549	0.101809915016561
5	0.11530358180465	0.0154493741158152	5.11787175186981e-05	0.869195865362016
6	0.103992262263552	0.355781399127744	0.0453457517493395	0.494880586859365
7	0.311060600372712	0.221403703938729	0.301867370296145	0.165668325392415
8	0.416257241978761	0.148606732799582	0.185175391743296	0.249960633478361
9	0.282376964029605	0.24304410530513	0.263286536148121	0.211292394517144


TF	T095243_1.02
TF Name	Six1
Gene	ENSMUSG00000051367
Motif	M1049_1.02
Family	Homeodomain
Species	Mus_musculus
Pos	A	C	G	T
1	0.289633745212101	0.216722379494161	0.244353800541506	0.249290074752233
2	0.166573166569705	0.2117559964595	0.182260075213145	0.43941076175765
3	0.165751986266141	0.0909666187777726	0.544840239032366	0.19844115592372
4	0.929154068045813	0.0599958005186777	0.000106914542642849	0.0107432168928665
5	0.0540592784753661	0.154482557549426	0.0489148579573633	0.742543306017845
6	0.658418914698977	0.278617919021875	0.000170305972515122	0.0627928603066324
7	0.069035773003392	0.541652590628181	0.109357772040163	0.279953864328264
8	0.180537842009579	0.374630574859227	0.241275734678585	0.203555848452609
9	0.212494108925656	0.310726860807604	0.214629710224397	0.262149320042343
10	0.221051084542861	0.289569062533975	0.216673979802664	0.2727058731205


TF	T095076_1.02
TF Name	Irx2
Gene	ENSMUSG00000001504
Motif	M0909_1.02
Family	Homeodomain
Species	Mus_musculus
Pos	A	C	G	T
1	0.268444918050467	0.240482121040955	0.255352704909443	0.235720255999135
2	0.200643340813798	0.235457141630744	0.276311515348871	0.287588002206587
3	0.315755040124535	0.0802355532280812	0.258518361798061	0.345491044849323
4	0.78241953576729	0.0117328322627626	0.0911394806824739	0.114708151287474
5	0.101611367628456	0.743341390270613	0.043866696711448	0.111180545389483
6	0.671433133994369	0.112102590005659	0.0666472932448953	0.149816982755076
7	0.308059626432352	0.244763724784635	0.116780179124104	0.33039646965891
8	0.231795598825071	0.229489194080938	0.363527862152724	0.175187344941266
9	0.271803864364484	0.243491179807736	0.248410027923709	0.236294927904071


TF	T095103_1.02
TF Name	Meis1
Gene	ENSMUSG00000020160
Motif	M0933_1.02
Family	Homeodomain
Species	Mus_musculus
Pos	A	C	G	T
1	0.430834401720945	0.144853631941518	0.236446932918021	0.187865033419516
2	0.154557377136744	0.343973768571799	0.354449329384092	0.147019524907366
3	0.185542044534276	0.540925472921305	0.123135024274502	0.150397458269917
4	0.0307955653230653	0.105358697648125	0.0120296050227005	0.85181613200611
5	0.0339563781720937	0.00720717246740804	0.939245323411081	0.0195911259494172
6	0.0682040887219343	0.0575413900043661	0.000757678986081722	0.873496842287618
7	0.00189251458198824	0.960934655589297	0.0340526007825438	0.00312022904617071
8	0.778640990377882	0.0555648096267797	0.0820681566290939	0.0837260433662445
9	0.326537917370232	0.204086939052903	0.173911417527756	0.29546372604911


TF	T095103_1.02
TF Name	Meis1
Gene	ENSMUSG00000020160
Motif	M2298_1.02
Family	Homeodomain
Species	Mus_musculus
Pos	A	C	G	T
1	0.330648254698893	0.184119677790562	0.282316839278863	0.202915228231682
2	0.2270809359417	0.20560030686613	0.38626774069812	0.18105101649405
3	0.22784810126582	0.26697353279632	0.30763329497507	0.19754507096279
4	0.328346758726509	0.0556194859992328	0.209819716148829	0.406214039125429
5	0.178749520521669	0.189489835059459	0.564633678557728	0.0671269658611428
6	0.56501726121979	0.10088224012275	0.20598388952819	0.12811660912927
7	0.0598388952819328	0.412351361718449	0.427694668200999	0.10011507479862
8	0.0571538166474881	0.0	0.0	0.942846183352512
9	0.0	0.0	1.0	0.0
10	0.948216340621404	0.0	0.0191791331031841	0.0326045262754121
11	0.0	1.0	0.0	0.0
12	1.0	0.0	0.0	0.0
13	0.027617951668585	0.001150747986191	0.924817798235519	0.046413502109705
14	0.100882240122749	0.542385884158036	0.291139240506328	0.0655926352128875
15	0.24741081703107	0.19140774836977	0.0467970847717681	0.514384349827391


